599
472
629
804
453
453
815
653
406
608
407
406
548
117
155
387
297
562
318
217
793
454
513
215
391
522
269
575
379
441
379
870
497
288
664
255
541
108
234
539
647
534
476
439
204
356
407
711
568
147
564
422
364
622
706
686
332
438
566
695
404
462
278
260
662
771
485
700
572
370
572
807
492
812
64
664
517
440
518
102
456
571
795
396
338
399
683
565
394
602
519
693
359
434
421
207
559
552
501
453
216
415
431
339
467
580
877
534
551
485
116
494
512
992
461
560
493
266
728
650
658
318
780
219
617
938
301
386
519
399
189
513
287
594
316
809
343
435
662
253
545
761
178
536
551
656
252
235
604
559
550
569
363
546
558
357
873
594
261
631
305
657
731
335
692
582
664
879
450
349
322
336
484
568
555
665
502
790
447
1044
625
328
285
596
455
642
594
485
330
197
410
671
542
250
534
577
323
530
511
271
571
612
716
710
224
312
603
602
603
1270
614
727
690
630
436
651
345
452
402
516
962
126
637
177
405
717
512
284
356
635
353
543
509
369
928
626
94
537
367
670
341
477
600
673
259
433
405
369
853
580
247
683
924
706
196
403
753
358
588
654
314
488
64
295
449
250
826
213
411
526
788
212
732
502
303
592
539
379
513
422
522
632
817
252
926
109
469
617
556
375
458
401
382
669
571
361
679
561
662
625
334
387
649
622
495
523
755
381
609
459
456
719
665
662
761
504
636
437
564
473
519
619
336
918
298
257
731
658
624
625
497
320
515
364
695
470
334
435
582
387
335
548
548
398
405
546
210
218
356
457
562
795
671
468
496
299
496
442
564
334
603
806
478
580
638
419
544
502
519
345
504
599
790
691
930
346
674
536
937
338
332
380
75
394
348
530
568
875
690
384
320
598
235
866
735
406
157
770
477
747
181
380
501
509
409
624
286
471
524
602
642
275
193
755
566
350
810
523
735
513
912
851
450
694
629
773
307
637
711
148
263
92
446
643
800
514
825
223
159
488
576
493
86
482
239
633
573
312
397
288
487
691
302
600
393
341
478
292
389
260
892
507
360
542
477
455
622
651
393
384
444
64
196
773
828
450
615
562
1115
723
474
308
178
540
348
215
370
283
837
676
498
795
515
327
804
607
292
461
324
223
685
881
220
612
369
402
381
327
509
333
554
489
452
318
384
651
600
304
519
650
166
608
367
614
347
139
174
509
551
319
627
167
486
257
369
509
327
423
701
384
667
274
605
788
64
340
615
459
574
379
517
468
733
550
567
417
402
413
578
415
557
915
674
434
740
418
92
298
125
429
503
835
565
456
665
64
547
654
204
728
567
416
626
954
536
549
408
330
666
328
514
404
595
566
707
397
446
304
411
575
651
315
673
771
582
875
345
251
144
799
630
488
555
274
989
525
521
645
596
544
341
594
876
769
818
397
302
474
511
718
161
805
468
414
297
169
664
514
242
240
432
833
448
199
450
445
64
489
453
639
869
725
446
278
1014
511
502
495
539
471
385
390
493
391
357
521
449
800
64
718
749
85
431
425
218
344
277
850
687
754
644
274
395
597
255
642
451
425
642
588
427
731
283
623
618
438
565
249
684
463
395
709
359
218
188
621
243
850
83
839
542
480
391
579
492
720
522
530
427
488
561
157
230
648
534
463
503
569
392
344
539
304
581
159
705
594
551
696
833
702
131
244
375
505
603
354
537
348
377
218
315
229
304
710
310
1026
598
536
328
640
384
524
1012
480
729
359
493
854
374
862
641
387
626
694
624
185
354
450
485
624
535
232
576
622
611
716
666
591
485
167
585
541
554
244
283
710
492
636
505
505
687
396
519
407
413
438
544
404
751
321
462
412
789
539
706
202
553
677
516
713
396
781
959
427
410
790
815
395
415
443
231
316
299
346
493
546
810
300
696
457
490
634
275
576
533
598
557
991
372
393
375
388
372
737
784
385
333
594
389
626
540
196
809
859
377
422
557
566
631
902
464
340
224
353
493
858
396
544
496
737
1005
393
402
708
636
869
616
428
618
721
664
601
713
733
776
629
466
529
741
336
573
421
505
755
538
509
228
649
629
932
438
543
549
815
480
555
621
537
410
538
714
294
526
359
739
195
388
575
813
486
388
876
210
64
588
399
295
641
548
387
243
674
630
480
869
285
194
361
490
548
451
570
249
788
483
723
568
591
613
589
628
765
539
641
482
788
364
860
491
213
525
363
668
369
410
122
409
64
183
652
657
585
306
490
499
268
800
675
455
505
541
91
450
363
299
443
859
628
385
614
779
684
511
370
639
578
679
627
709
392
763
539
915
362
847
539
369
403
435
584
604
385
495
928
845
587
507
524
622
295
448
166
579
629
403
814
254
207
544
709
836
408
715
492
465
676
630
184
795
776
374
579
598
552
389
365
494
734
608
425
654
64
729
152
427
276
241
732
406
569
490
595
515
243
699
401
188
414
800
670
430
430
435
915
576
586
706
547
448
460
485
492
645
510
646
483
515
100
683
569
699
64
917
472
721
292
622
289
375
882
461
543
674
599
530
572
980
488
540
710
721
737
627
271
826
270
560
349
487
565
564
584
822
590
451
692
737
254
619
640
440
775
469
525
465
503
280
211
818
330
301
69
372
235
828
701
362
950
696
435
64
958
222
170
704
987
776
612
618
670
651
556
520
487
349
443
161
480
302
279
535
778
683
185
302
688
303
455
610
306
521
233
379
563
181
588
496
610
544
772
525
414
524
608
509
508
359
367
219
849
251
361
356
678
441
749
365
555
332
929
262
561
626
582
462
474
508
470
692
942
388
226
482
1015
339
827
835
389
613
825
424
459
383
297
370
255
506
346
546
188
566
666
101
574
745
258
834
583
358
488
611
515
607
315
533
217
477
319
352
747
718
621
281
436
742
528
963
578
538
438
526
469
641
691
342
233
132
601
279
69
577
998
498
667
516
480
683
441
553
564
366
698
465
348
607
320
505
498
717
594
494
663
778
611
502
237
286
438
378
462
511
605
485
597
512
104
312
471
258
619
806
743
457
798
529
432
377
439
422
534
532
500
587
738
689
203
64
686
226
455
265
139
608
651
384
64
390
578
204
536
496
615
523
305
739
468
494
313
411
323
465
842
225
177
794
458
366
707
378
865
635
402
931
378
648
559
760
812
506
349
591
364
902
527
426
536
230
305
740
368
290
607
737
643
699
348
215
800
435
449
765
611
591
933
371
685
511
553
805
601
607
714
427
332
291
106
911
279
455
444
561
663
672
383
466
556
450
821
598
646
632
734
536
240
579
369
394
617
747
504
561
840
548
1020
613
147
650
576
757
634
472
255
458
329
383
617
833
578
260
588
739
378
473
502
343
629
475
583
322
412
644
425
845
420
544
686
216
147
194
752
389
1011
387
536
808
901
912
741
704
618
655
389
336
499
465
409
639
691
517
795
271
461
356
126
483
475
802
626
295
870
744
616
454
308
425
717
876
808
402
276
528
146
564
470
406
181
602
393
266
64
494
854
832
408
379
593
300
560
653
745
479
459
324
334
454
573
682
339
798
445
495
350
64
676
647
443
513
603
187
394
658
249
558
228
593
492
176
732
353
337
540
729
296
512
585
638
535
426
334
517
285
64
587
680
64
298
623
911
504
354
463
774
370
340
403
309
524
824
564
449
441
187
676
484
463
1138
559
349
414
729
522
212
683
366
874
716
410
756
513
670
596
330
371
705
433
419
308
584
912
286
504
782
484
590
287
585
462
697
737
1017
615
565
538
429
567
440
533
763
298
727
763
476
75
378
759
495
300
399
668
609
452
426
421
315
823
435
743
804
699
413
580
495
319
564
264
737
407
540
556
448
617
405
674
230
525
887
299
364
602
535
570
597
626
721
581
451
634
879
473
305
721
475
65
669
392
481
566
538
641
412
602
448
647
623
312
717
392
661
573
867
455
430
496
439
659
176
289
286
690
842
479
466
514
732
314
547
695
600
537
700
64
635
369
133
602
774
472
690
822
762
827
648
515
179
450
331
934
464
524
610
508
839
375
538
351
235
377
492
414
361
218
483
199
652
516
208
438
349
563
768
124
523
467
634
542
349
436
340
715
504
880
487
358
197
139
183
553
601
183
679
403
529
822
679
446
321
69
356
457
302
473
515
455
369
533
588
281
782
480
503
641
546
690
557
377
572
271
521
493
458
474
123
390
518
531
294
753
326
693
585
370
855
261
683
700
365
778
449
557
552
473
662
658
150
760
167
706
725
281
417
278
457
438
655
762
779
387
458
163
338
692
823
253
381
494
556
338
584
405
497
609
501
412
478
482
425
448
819
612
440
639
433
734
573
478
589
185
274
261
528
846
946
627
600
139
391
342
375
466
405
104
649
285
547
914
316
64
442
720
891
254
599
406
478
1028
199
550
593
717
519
561
421
553
431
624
426
575
494
725
489
145
752
318
369
380
774
72
1127
711
544
489
557
604
629
611
517
460
469
461
726
618
64
631
538
496
422
724
689
345
581
305
224
374
672
690
602
645
603
371
586
660
650
737
641
570
714
494
323
467
351
364
471
341
438
121
542
500
336
631
687
178
347
346
312
665
461
447
99
627
252
511
555
772
238
64
536
860
747
541
401
661
305
595
601
712
1051
578
398
494
146
361
418
395
530
335
724
500
498
434
531
665
326
368
439
230
336
404
674
552
538
670
472
578
479
553
383
64
473
784
685
693
747
517
539
376
436
623
740
472
409
500
620
211
64
389
255
398
470
409
790
565
560
624
272
707
484
634
285
189
663
575
319
326
725
262
828
319
627
434
620
391
467
508
299
648
397
454
301
64
461
982
656
496
447
504
609
263
722
643
643
587
503
634
618
429
385
520
809
252
206
532
510
534
548
455
797
179
334
479
171
464
832
504
546
247
376
424
436
756
611
277
549
599
728
816
296
337
248
453
593
697
484
436
530
332
917
178
536
904
501
461
428
463
774
64
806
215
446
414
617
180
592
904
227
537
367
585
503
371
597
860
461
643
241
308
594
796
571
437
499
249
620
676
409
405
553
412
486
919
450
428
370
648
463
370
764
783
379
126
701
363
658
105
678
257
646
502
309
418
637
521
616
895
187
823
520
320
233
462
684
474
802
209
497
249
572
677
415
64
539
587
580
747
285
636
738
144
563
399
483
569
402
364
506
282
282
635
270
633
592
154
364
738
303
407
592
656
449
380
784
847
695
517
338
333
604
583
780
630
199
710
300
423
550
899
1121
621
463
606
677
435
859
546
599
633
584
667
376
388
279
587
655
591
834
498
633
281
422
639
669
441
485
196
428
678
615
600
509
501
367
639
584
598
394
69
719
404
327
638
421
711
623
636
226
742
552
426
528
144
581
294
229
195
722
374
806
392
158
276
747
468
390
532
600
723
789
428
234
417
552
307
308
568
490
506
348
453
315
678
707
130
314
200
369
483
210
315
299
541
513
355
535
390
445
834
768
240
665
662
270
663
807
275
316
703
554
610
568
578
234
709
733
454
491
193
602
614
487
724
433
612
296
495
465
545
426
473
665
412
178
849
776
241
637
399
552
558
453
343
361
316
333
486
356
636
797
383
547
599
594
515
648
596
252
673
677
347
507
636
458
714
972
342
223
560
644
453
790
232
638
378
843
898
346
390
671
422
490
505
116
497
362
401
788
248
662
444
444
658
568
614
693
433
377
282
334
1089
748
229
235
596
609
609
449
474
565
517
64
454
329
535
1097
573
437
684
596
584
621
911
273
594
314
611
316
416
440
695
683
250
510
358
248
456
438
985
586
224
387
704
917
182
124
874
577
326
606
64
500
565
684
297
517
314
551
320
418
300
630
671
453
507
210
440
489
1024
277
792
699
556
851
574
577
489
744
719
374
236
459
339
487
747
408
491
511
669
64
378
542
740
401
124
623
372
262
375
463
379
64
679
754
630
272
459
498
619
633
353
516
591
791
640
657
516
782
581
327
780
639
411
404
559
592
539
562
839
714
538
688
293
579
861
456
330
369
282
343
425
218
503
680
318
803
602
706
368
670
281
678
534
610
264
320
619
310
592
226
669
253
610
625
360
616
552
392
298
107
569
187
519
447
635
439
434
646
567
563
593
192
651
622
296
451
492
473
566
786
716
237
624
765
577
718
902
704
549
709
528
504
429
812
336
806
599
220
573
79
625
677
381
524
890
398
288
796
892
500
702
768
351
402
746
837
612
324
897
393
432
568
810
670
582
592
508
611
64
440
548
269
577
459
851
814
406
469
485
409
539
348
273
624
625
339
679
373
550
664
493
590
396
460
458
350
464
190
401
443
448
451
487
595
674
370
259
291
402
429
346
240
408
536
619
388
417
314
493
330
614
142
428
560
536
1038
569
299
480
144
483
333
683
390
476
372
847
435
866
662
596
573
578
114
444
669
490
218
489
840
749
487
690
426
159
315
812
445
451
440
880
825
943
468
559
196
795
266
543
280
382
332
378
392
390
666
279
544
743
397
356
453
735
538
393
596
279
636
581
438
332
322
606
745
372
591
82
383
493
318
312
366
558
462
64
75
378
591
64
400
394
777
422
576
528
73
653
543
601
1285
83
844
442
557
490
415
386
565
196
650
416
273
409
751
392
571
353
651
637
869
464
633
519
759
356
649
461
487
518
550
476
542
815
697
673
408
322
691
675
794
379
454
172
421
699
406
628
461
564
270
517
64
462
173
741
655
593
804
310
849
686
452
727
278
335
378
394
288
744
448
570
385
135
554
117
486
226
897
682
521
752
330
608
539
552
754
646
557
169
307
475
518
273
982
803
620
514
457
309
515
551
251
566
468
118
327
417
877
611
232
597
190
716
405
481
765
242
220
383
707
196
64
409
610
740
407
417
730
126
422
538
589
398
506
64
368
590
303
511
589
431
534
307
458
622
531
382
544
642
90
731
432
585
739
225
358
442
343
846
328
388
540
259
420
563
433
481
394
197
564
850
503
545
638
246
840
540
826
353
863
655
610
546
450
740
528
106
276
462
561
488
743
109
528
136
651
481
583
327
755
708
616
474
615
358
671
829
714
354
572
241
614
590
126
267
443
439
258
577
550
461
348
709
831
403
377
598
428
472
647
118
763
514
417
482
492
153
798
508
588
690
295
594
446
669
74
480
379
586
594
358
357
477
320
668
426
64
425
292
173
252
521
765
562
378
591
408
361
269
149
422
531
480
416
310
621
236
655
299
349
206
399
695
603
695
604
279
433
343
766
260
678
678
865
418
642
956
376
192
123
642
123
425
587
537
585
544
755
309
364
345
666
680
590
736
264
833
804
647
856
168
395
352
644
289
651
774
639
556
302
330
749
655
492
416
94
285
882
243
537
701
249
536
687
502
1073
166
711
465
654
588
353
545
128
620
559
627
711
573
529
323
357
737
787
452
509
319
734
633
888
324
424
546
629
456
325
676
644
316
771
734
526
515
610
327
506
69
675
187
800
433
457
374
442
783
64
755
567
258
284
835
310
269
727
567
312
543
294
720
712
606
572
852
499
263
589
917
297
427
583
489
303
724
964
539
319
190
551
720
595
499
382
281
666
682
190
817
614
779
231
226
470
600
859
641
451
294
746
307
825
443
818
635
472
396
431
585
515
381
466
515
74
591
304
269
162
141
228
358
890
394
535
580
526
484
260
790
861
163
295
444
307
601
354
933
738
542
705
721
387
336
515
672
527
184
339
485
484
894
222
601
797
954
419
598
613
539
480
587
64
636
525
455
909
365
419
898
333
389
470
668
541
241
393
378
484
585
583
144
712
550
776
588
720
593
769
604
480
954
677
614
244
242
558
529
377
528
817
639
271
477
339
422
417
404
248
474
387
64
910
717
424
503
265
839
879
531
704
535
232
417
526
409
456
481
483
510
287
356
243
695
78
730
777
439
64
427
487
297
396
806
632
315
180
434
457
599
392
602
887
663
490
463
428
736
374
509
510
399
225
564
487
600
393
744
324
842
150
586
595
340
584
755
64
600
64
306
825
383
265
460
913
133
289
799
871
479
252
919
818
635
337
490
467
566
790
675
284
775
562
637
793
277
492
393
186
569
1002
131
493
628
524
477
240
546
348
64
738
691
510
545
714
544
680
440
762
564
538
245
557
333
372
336
286
924
766
884
255
514
241
360
316
747
420
713
620
960
204
751
729
305
701
567
454
335
356
909
500
656
341
344
716
230
416
506
522
464
579
638
646
302
443
738
678
225
570
104
509
879
310
333
652
191
373
619
373
452
648
584
553
432
574
475
591
400
463
302
492
337
277
551
542
656
413
581
610
588
334
529
572
501
82
532
942
427
354
574
562
738
248
646
618
471
567
705
674
271
664
487
514
514
469
738
483
276
421
535
745
620
329
997
552
755
469
606
667
743
711
674
436
385
566
686
455
713
790
316
332
471
561
395
770
584
507
212
236
556
73
702
468
1148
961
463
478
699
840
172
142
375
616
599
713
260
64
671
334
96
529
658
475
408
468
425
230
357
604
564
533
300
463
64
535
785
205
382
565
750
410
361
106
520
908
555
495
564
497
337
664
545
503
304
760
632
389
700
400
343
348
145
594
133
254
84
482
469
434
291
265
592
389
563
322
536
760
617
417
551
451
501
434
467
542
301
296
222
179
256
531
321
602
506
106
630
662
301
584
328
519
247
141
423
475
420
263
420
553
491
536
365
734
264
597
736
596
459
394
707
215
305
420
747
575
306
437
377
358
695
225
821
665
718
407
470
213
395
598
759
278
426
469
220
618
355
460
409
342
498
456
425
354
563
830
527
699
221
531
280
204
352
738
690
548
193
460
560
535
131
321
487
607
64
467
528
669
638
616
340
118
421
700
778
642
585
575
388
473
833
311
822
435
765
218
617
352
216
543
701
331
200
481
482
609
689
488
871
544
430
177
447
432
692
592
264
534
634
805
677
652
512
577
749
233
430
345
575
746
380
64
417
682
607
585
444
244
603
333
936
614
383
377
481
452
723
537
353
878
509
653
378
572
562
122
903
758
420
279
569
517
571
538
601
789
613
290
772
828
1130
275
548
83
610
390
884
345
162
405
104
650
86
505
84
435
828
572
327
493
503
594
226
618
64
374
402
626
504
218
303
539
484
384
403
639
396
482
933
215
129
656
364
436
343
448
819
660
672
216
269
64
338
691
603
455
495
362
540
653
176
559
686
416
640
1062
479
578
352
536
592
538
296
541
792
589
692
452
649
555
309
563
301
373
537
559
262
710
614
359
192
471
410
522
427
98
422
438
626
360
835
117
762
455
671
515
727
422
280
784
477
544
746
293
619
382
473
514
199
344
770
677
487
548
441
771
459
546
729
344
811
193
825
425
451
121
409
292
378
472
691
541
561
280
323
859
352
831
451
500
714
754
477
422
488
567
678
500
623
827
576
562
196
64
577
481
397
548
487
725
517
350
698
456
605
404
370
516
502
595
446
132
413
658
440
450
697
357
191
467
403
306
464
598
498
561
862
431
555
398
330
383
404
571
969
356
416
487
579
552
756
64
64
400
719
186
64
614
548
281
302
306
522
374
598
64
328
274
448
392
659
128
509
611
871
403
564
139
64
668
498
735
225
603
873
583
555
501
185
771
377
600
187
264
787
430
790
484
131
678
382
639
505
191
532
939
598
488
715
542
541
281
546
707
332
784
481
322
699
442
651
441
488
598
558
100
275
685
473
395
228
284
95
479
380
306
486
572
918
197
731
694
344
540
408
537
801
621
601
413
203
458
741
194
288
525
303
341
415
226
305
640
238
180
373
646
460
407
508
150
598
576
418
701
274
725
530
432
496
478
744
284
347
707
380
680
839
419
636
269
650
539
594
370
167
600
87
436
688
538
889
705
369
505
490
183
311
387
92
509
450
165
580
643
545
435
618
636
561
335
555
739
380
919
394
506
365
544
151
390
281
527
698
629
64
908
559
344
531
535
366
539
378
419
362
213
529
617
602
663
564
393
667
228
319
307
716
688
597
714
324
569
474
669
476
423
608
675
366
487
288
64
540
621
552
110
429
64
773
282
751
689
319
273
570
331
520
403
143
64
545
387
389
639
734
445
431
600
228
544
610
636
112
347
324
519
596
799
401
400
729
559
753
557
268
233
189
632
737
869
668
732
383
268
670
583
521
577
564
756
758
608
669
602
407
651
221
710
261
557
330
610
493
181
584
384
676
500
579
308
382
408
671
835
338
715
66
261
308
229
183
582
457
575
638
553
631
486
262
711
382
312
464
317
416
568
569
320
402
714
599
915
736
728
222
652
489
389
533
689
600
324
648
372
543
439
456
653
291
889
135
380
574
616
479
488
582
453
778
667
674
306
484
439
298
572
392
631
285
843
320
543
658
385
670
254
790
502
380
440
661
383
350
455
264
864
386
666
541
303
498
656
462
738
704
683
408
284
377
539
609
65
498
531
444
758
584
762
456
687
827
762
281
449
430
597
637
332
513
96
788
397
511
438
729
64
496
478
409
845
322
654
571
752
366
353
719
585
191
392
577
667
364
64
604
255
96
64
662
525
454
777
627
823
221
493
176
454
450
625
509
624
640
930
436
311
549
339
796
443
386
405
643
468
371
833
328
507
630
173
596
288
664
307
638
721
672
550
453
384
794
360
292
633
340
309
211
403
483
548
690
605
461
460
602
754
525
406
301
210
633
615
615
474
781
403
691
492
378
618
581
571
516
492
977
736
644
522
701
603
505
439
483
64
542
402
818
503
262
490
290
594
558
691
341
506
226
640
603
599
500
582
820
442
527
282
326
519
720
448
452
418
393
558
200
756
366
644
246
633
634
576
301
549
263
449
705
659
503
305
629
503
64
656
495
740
280
64
555
558
161
304
1051
438
646
369
81
465
446
420
477
552
469
247
597
110
89
647
601
488
220
358
447
180
352
630
785
416
651
117
631
339
561
450
764
325
625
444
468
463
330
497
487
548
516
659
684
289
673
262
617
623
117
518
406
348
770
369
338
515
637
471
733
606
64
394
387
595
64
1009
606
529
736
968
674
689
526
471
404
334
362
229
484
163
538
492
529
395
1115
772
251
546
378
297
231
586
363
693
698
774
329
595
626
405
345
821
545
627
335
256
386
475
287
498
162
275
634
620
421
296
294
425
628
685
400
269
553
335
396
765
665
531
245
542
712
424
770
758
832
561
617
782
589
399
410
547
241
471
719
64
806
724
408
608
500
745
696
219
617
458
516
354
849
708
352
233
422
586
548
750
657
693
565
222
460
712
489
600
436
294
475
561
368
452
312
723
441
790
805
483
298
82
205
225
775
523
577
64
260
677
557
470
612
827
455
513
538
978
80
636
477
613
368
490
642
1122
661
330
415
409
140
433
646
245
709
597
353
471
819
646
501
452
515
397
79
908
531
579
488
352
462
180
955
253
293
411
757
502
252
750
646
607
643
978
937
362
824
576
599
161
465
337
665
714
85
495
724
462
645
570
568
445
256
275
641
503
472
415
438
709
432
231
648
459
506
821
495
557
264
456
621
188
540
520
508
707
566
795
301
527
516
286
691
964
496
601
516
357
135
358
221
840
476
430
677
275
346
513
705
600
549
515
580
540
294
509
285
516
403
1007
492
219
473
603
834
382
183
663
223
412
448
486
637
363
445
497
529
519
587
668
578
590
183
510
595
645
361
368
385
607
706
418
681
524
475
457
649
565
955
329
603
394
326
497
527
1083
463
273
554
85
481
503
658
694
399
469
346
274
561
245
417
300
609
860
239
129
475
503
543
410
459
573
708
108
426
542
316
846
372
491
611
381
130
414
705
432
330
685
433
397
529
654
976
665
731
398
294
512
521
284
464
579
572
600
558
398
397
260
856
502
455
314
1087
285
414
583
620
691
861
601
288
448
561
913
220
740
535
667
479
331
650
630
694
497
380
188
663
584
306
392
406
203
336
273
417
352
174
904
750
344
554
583
738
336
718
390
232
644
758
1017
260
639
418
656
205
247
344
515
371
631
705
619
823
583
256
772
378
682
814
591
200
316
764
466
515
651
639
555
458
437
671
610
448
716
474
329
348
304
445
746
338
537
368
447
197
455
461
608
544
260
716
542
539
498
396
543
595
150
392
449
551
738
345
400
397
339
430
654
289
585
159
387
434
834
445
64
100
506
622
575
533
732
392
678
173
319
138
445
490
522
512
314
461
200
772
439
402
817
251
274
280
486
586
647
1014
64
621
388
382
376
318
836
668
504
770
197
233
64
360
532
520
529
217
660
547
646
121
562
262
420
606
518
329
501
193
730
458
723
394
395
347
675
358
628
423
104
385
264
506
261
685
481
464
631
692
495
345
145
362
376
521
430
637
377
488
736
568
487
379
373
329
391
651
455
230
853
563
218
411
522
840
278
695
779
374
444
292
459
492
631
718
350
106
495
558
549
434
524
803
576
425
399
466
827
463
496
403
719
891
590
516
507
64
649
526
585
357
423
417
704
424
916
586
244
474
369
64
819
640
606
533
223
403
668
289
64
454
471
527
645
627
551
739
196
600
625
252
199
350
367
650
377
328
377
723
502
464
477
758
350
763
542
467
1000
288
429
253
690
837
833
744
460
426
165
907
593
401
765
305
581
465
627
487
209
515
709
494
655
290
494
375
649
506
638
717
638
554
300
499
393
431
425
304
108
366
538
230
503
880
704
828
578
733
355
371
64
737
808
389
449
349
576
724
151
581
444
522
591
462
479
457
694
583
544
245
424
679
507
631
853
707
518
397
64
466
434
578
469
435
144
312
595
843
480
565
690
337
573
351
672
530
559
343
641
916
298
432
546
657
388
64
771
652
151
378
813
789
687
464
516
473
725
324
338
702
491
775
365
489
315
501
204
402
212
638
643
153
766
999
509
371
1064
236
504
535
769
571
400
309
431
298
509
387
201
751
400
246
466
513
150
566
290
842
604
420
350
479
622
494
456
511
379
431
82
694
559
345
879
517
292
671
579
578
414
590
447
611
119
413
844
346
379
410
257
64
453
527
489
471
508
704
461
385
443
615
782
374
519
567
301
504
206
146
573
423
540
496
304
490
253
778
228
460
291
614
433
396
670
505
603
303
219
521
436
625
484
541
175
877
467
639
332
561
239
590
428
505
639
253
363
591
919
472
618
478
888
150
518
174
64
559
527
443
478
1119
448
602
370
559
452
417
863
735
527
64
427
1040
453
720
788
543
331
64
636
337
535
250
446
506
553
277
739
380
165
478
506
532
772
452
476
279
664
536
415
119
788
254
381
571
260
201
75
644
390
1085
301
315
386
548
405
622
304
223
140
64
396
439
373
748
745
433
141
386
380
368
360
369
422
372
541
572
317
754
303
176
576
336
564
64
778
634
199
204
834
352
333
64
429
454
643
220
195
590
701
185
716
507
718
485
64
469
712
321
422
464
64
834
319
601
482
751
581
453
321
659
125
629
280
750
532
628
516
149
327
634
533
736
580
306
340
520
64
834
588
745
183
748
946
235
654
500
191
598
666
379
733
166
201
527
505
356
661
606
671
475
620
410
910
337
921
506
224
773
525
670
744
567
381
695
500
637
69
589
372
830
624
547
597
300
824
898
578
818
386
340
508
586
421
607
561
300
603
672
534
730
256
593
265
277
373
311
390
457
667
435
182
728
332
488
589
539
718
595
327
935
538
470
692
549
579
998
444
436
523
714
198
106
382
173
415
600
321
214
513
672
161
664
663
690
743
940
428
521
416
500
806
230
327
775
704
427
670
568
800
514
705
1028
619
509
644
426
977
536
445
332
719
673
400
615
198
536
590
841
345
244
320
232
767
809
564
744
526
480
433
437
190
552
491
649
518
467
325
514
647
271
517
546
356
382
546
273
569
320
712
967
327
606
354
708
246
596
325
458
293
664
332
610
431
477
529
347
542
806
344
734
799
336
208
560
390
873
506
339
270
717
385
508
691
403
490
496
636
618
455
512
425
204
551
878
323
345
325
644
589
468
316
518
187
528
674
249
193
815
377
727
469
467
587
323
526
423
235
567
447
468
257
818
675
692
438
154
890
487
350
583
733
495
755
716
284
365
691
64
470
213
404
440
428
389
280
958
873
267
816
420
525
487
368
696
525
404
239
321
171
502
260
446
774
739
493
482
875
604
434
214
578
665
373
558
427
463
64
455
693
373
510
348
572
456
312
766
685
379
599
607
628
161
701
386
428
1027
560
422
64
777
230
299
433
783
654
468
561
379
527
514
693
693
598
427
648
481
283
419
516
682
463
258
511
522
537
683
703
381
376
291
639
789
436
451
793
601
587
261
635
314
273
430
382
455
211
691
725
110
695
337
671
486
505
462
742
252
621
720
643
964
394
691
478
746
498
422
761
401
217
396
623
778
522
763
228
411
442
477
516
638
411
527
490
314
477
471
466
506
515
413
754
266
355
1055
292
229
646
84
452
929
191
103
200
679
724
397
636
778
857
450
64
335
414
448
462
723
754
465
719
571
512
681
514
911
212
396
474
587
753
495
215
668
650
111
499
181
367
319
661
523
242
676
213
566
337
426
600
604
767
483
561
412
536
587
480
139
566
572
363
243
795
598
454
272
335
760
527
389
601
337
800
770
406
374
64
203
232
527
434
230
443
601
605
120
474
223
680
656
320
346
407
64
567
445
694
280
376
198
299
263
699
360
524
423
246
466
619
258
661
330
403
606
367
507
437
525
64
134
623
707
317
451
558
638
94
322
433
640
999
454
218
580
764
521
318
691
632
294
576
699
736
486
428
745
257
587
225
713
448
753
598
255
784
810
676
347
438
529
359
838
528
64
567
430
485
426
661
723
556
432
491
503
339
615
592
808
751
362
664
309
639
396
295
556
64
149
464
516
426
184
336
578
616
496
731
579
350
443
219
478
722
637
780
439
769
461
794
495
641
795
461
543
757
473
235
928
406
531
731
378
298
550
141
442
549
446
191
818
520
786
447
323
553
456
264
793
375
131
765
399
378
146
848
242
511
682
584
488
159
338
537
342
540
636
692
254
939
653
499
717
973
212
454
64
538
573
492
369
90
574
791
381
588
186
591
421
347
347
421
576
237
420
491
280
859
329
366
304
859
610
312
721
540
551
431
350
567
390
863
246
807
477
559
666
373
672
64
356
315
249
457
577
640
548
366
573
524
687
655
506
320
369
390
436
553
643
489
503
528
396
314
148
360
594
359
452
593
604
284
699
725
274
335
738
470
64
220
450
267
417
506
792
441
714
785
786
556
107
592
709
483
848
671
613
717
566
64
400
739
338
455
291
856
836
323
529
363
622
601
662
566
1087
294
157
421
186
201
299
315
309
603
398
464
678
346
447
573
111
64
569
598
912
531
663
460
559
833
75
582
927
556
830
374
493
506
64
266
280
664
674
564
664
467
740
501
511
446
636
415
695
273
280
637
482
409
678
378
459
779
807
814
443
746
310
318
64
834
327
474
317
639
424
239
588
213
332
78
215
535
107
203
499
391
898
866
326
611
649
380
200
497
465
412
588
349
269
521
577
264
685
145
384
448
372
386
874
329
988
587
518
595
1005
301
275
349
506
154
504
838
530
441
376
679
334
869
886
551
497
706
718
338
394
235
581
633
230
408
230
320
610
353
439
174
537
491
354
462
536
337
204
861
373
480
702
1205
251
589
358
392
355
274
491
205
689
511
584
406
426
557
267
428
328
321
78
767
362
732
713
242
282
1012
850
493
551
373
586
356
93
235
504
273
486
285
343
670
549
498
675
596
789
408
414
239
414
692
759
692
141
716
132
679
426
640
233
734
207
366
300
149
518
861
1033
519
723
546
599
431
539
607
384
484
488
665
286
489
882
732
769
504
564
700
812
109
236
761
444
365
249
388
219
918
495
488
617
692
689
714
373
440
653
394
498
579
657
144
642
453
641
655
821
770
769
788
558
506
674
646
438
580
492
329
758
511
909
174
388
506
727
579
562
274
268
564
227
393
600
303
821
744
185
313
64
343
653
417
592
195
659
388
502
481
245
269
693
579
710
564
528
154
445
494
890
637
807
619
357
523
547
312
423
458
821
83
741
312
225
735
646
750
660
911
611
468
568
748
344
369
438
79
527
122
510
673
404
835
207
738
635
156
1042
487
324
218
455
474
520
440
626
422
113
470
64
570
304
532
762
310
712
413
850
426
331
637
412
331
404
491
768
113
504
624
538
761
485
463
618
519
421
603
369
377
394
770
64
579
506
163
561
595
617
64
773
352
637
648
324
632
422
85
733
344
329
419
554
488
609
232
351
476
879
477
717
507
403
450
466
620
774
571
737
307
417
355
562
428
645
313
508
637
86
924
443
94
531
506
483
698
649
559
590
479
855
204
527
513
662
331
151
531
556
797
245
730
973
424
241
418
502
612
381
811
277
152
721
64
459
1123
497
275
488
489
532
632
292
837
549
645
374
757
448
555
313
300
637
411
329
371
639
374
476
503
116
205
567
352
711
693
643
863
483
629
383
990
896
502
577
771
470
368
674
515
536
333
156
547
680
454
787
359
289
486
483
653
345
773
893
492
749
288
715
709
672
496
64
371
374
304
524
416
335
288
356
724
367
397
408
567
591
64
704
787
289
305
409
348
544
110
276
807
314
748
571
138
627
476
408
548
594
641
735
581
224
405
1088
644
973
779
548
560
492
152
503
742
380
582
670
318
409
296
335
242
319
783
316
525
399
735
762
672
561
453
261
888
348
632
711
388
707
652
845
406
242
398
541
511
421
118
594
894
592
621
614
579
686
579
437
340
450
562
436
562
587
666
756
515
238
430
508
132
777
528
576
773
373
614
478
463
345
833
424
639
124
735
710
519
454
580
957
147
656
317
496
450
414
497
273
705
141
607
434
265
540
188
507
215
592
315
409
558
345
488
197
626
852
1058
518
657
143
800
655
403
747
449
408
595
287
704
288
289
318
651
376
230
378
493
263
269
922
327
435
426
415
624
689
438
252
754
480
846
64
539
883
429
454
559
388
437
432
374
745
592
550
661
447
345
379
500
288
399
396
924
64
464
845
524
650
519
366
64
541
344
339
400
848
980
543
407
264
593
856
450
64
634
697
182
535
590
485
341
703
419
202
90
752
623
517
411
394
284
413
75
352
437
621
492
658
769
711
594
502
303
647
835
568
883
194
269
671
552
762
496
326
457
193
274
694
674
572
155
428
255
735
383
282
505
371
796
353
220
69
493
387
214
737
633
494
772
632
335
292
663
579
533
330
621
348
479
789
367
185
289
698
550
474
398
597
330
561
353
320
372
424
490
547
64
338
421
801
283
532
799
237
578
339
399
339
353
1044
668
720
598
178
578
714
329
693
640
870
416
280
427
787
134
86
517
411
501
689
389
125
908
300
288
720
423
487
596
716
433
803
72
651
332
774
528
365
632
678
628
294
403
499
491
649
97
566
442
332
351
457
64
359
324
606
338
456
808
698
680
400
608
453
460
581
380
798
467
623
791
706
218
588
670
678
277
368
698
347
440
815
490
354
324
566
233
450
566
759
633
357
735
440
252
465
787
533
502
827
213
242
176
574
533
808
548
419
500
523
165
1042
603
542
623
641
471
373
619
577
338
783
558
645
778
504
563
662
355
510
525
308
963
218
240
762
642
294
621
793
493
1019
155
638
733
678
459
441
588
663
620
708
296
454
311
422
703
521
1021
538
511
521
372
488
725
522
341
314
409
514
738
231
436
528
133
333
364
340
538
467
388
585
844
827
115
615
464
531
420
523
530
384
320
410
546
619
670
401
556
692
733
488
455
538
270
461
648
628
445
543
335
640
484
444
427
487
410
631
420
818
793
321
513
369
434
900
438
572
608
299
328
258
322
64
608
910
529
216
371
408
296
672
662
268
645
805
880
1073
319
1064
429
381
565
383
579
235
452
757
488
528
595
734
168
616
446
533
711
261
297
112
390
766
475
231
402
202
274
577
265
722
485
517
444
654
656
567
612
457
608
432
500
445
408
362
593
762
734
248
757
436
620
318
528
562
203
621
769
465
772
462
669
64
983
799
443
105
557
211
588
582
311
724
661
695
501
216
695
445
222
770
919
491
931
518
423
373
827
343
647
388
407
706
423
419
726
819
628
369
397
515
564
302
644
517
156
314
399
485
877
547
331
544
429
564
616
741
495
827
681
358
941
565
332
830
915
493
399
465
642
755
614
520
799
437
706
442
586
477
488
424
768
353
351
924
695
64
386
137
309
64
472
271
511
174
516
417
800
782
657
434
897
189
219
483
950
459
463
211
689
690
657
374
358
241
516
283
264
415
402
392
593
515
442
536
301
521
530
199
699
323
518
732
685
506
427
689
634
376
341
85
530
483
727
571
766
360
727
394
655
208
547
103
446
588
395
289
669
479
402
508
1027
730
732
587
533
64
364
403
125
268
103
492
663
721
582
307
113
148
246
322
468
297
567
453
502
728
263
583
497
433
677
675
310
463
556
445
617
556
866
193
475
318
620
176
569
373
353
210
406
716
494
625
832
552
388
593
391
399
196
685
422
536
292
587
347
471
675
658
495
146
1098
849
644
349
477
391
752
552
343
405
724
820
805
651
449
64
559
499
527
510
234
611
626
636
689
620
417
485
518
521
699
628
915
941
515
64
747
391
339
420
410
622
188
284
568
624
628
342
304
398
547
797
90
455
233
169
693
608
589
684
404
413
937
450
647
501
130
91
384
711
657
682
302
823
307
542
497
465
767
358
230
503
420
1175
635
418
288
123
294
522
785
724
545
435
553
396
843
462
482
64
460
667
286
349
658
204
711
393
422
275
575
991
656
327
727
436
774
661
64
299
688
530
295
373
118
482
942
660
938
676
705
894
575
462
706
790
404
355
527
666
659
215
882
371
446
319
1039
548
329
672
653
462
668
334
401
97
235
861
828
513
832
467
451
511
475
456
728
530
642
706
577
305
229
529
465
517
496
1016
233
102
566
424
563
616
756
198
388
585
654
938
691
488
321
387
381
631
551
235
412
675
570
613
576
825
547
422
316
549
64
463
458
227
314
661
546
520
561
518
748
524
208
826
574
382
249
579
476
814
430
332
679
685
533
635
492
546
732
625
466
770
64
910
158
374
491
470
701
288
552
384
559
487
518
390
397
557
688
380
326
622
493
666
318
144
393
346
484
372
648
442
530
531
538
495
602
340
779
452
237
537
329
633
941
342
566
148
590
322
375
279
646
701
504
327
817
349
67
591
279
697
423
620
780
258
386
484
807
368
381
595
384
530
189
942
230
435
493
882
235
896
651
583
303
614
355
753
305
477
388
302
648
607
741
144
712
1001
409
879
447
225
438
709
332
379
618
500
616
547
595
413
546
314
757
373
725
453
540
401
296
151
288
435
542
702
410
323
211
596
776
753
641
627
839
566
629
435
227
363
498
512
885
516
735
412
437
234
351
605
501
688
536
429
929
481
732
419
641
685
541
64
503
746
605
589
155
355
582
582
742
471
581
503
302
64
586
534
376
176
625
446
611
872
71
360
458
790
172
887
527
480
460
412
709
286
569
423
347
1017
583
622
727
215
850
64
346
408
616
543
466
497
304
200
645
638
816
341
638
443
738
704
542
432
692
629
363
234
442
803
729
277
266
754
272
601
376
823
345
728
536
550
105
64
455
549
274
282
612
612
472
656
265
428
829
513
525
961
220
659
832
435
671
303
362
576
659
724
813
486
738
431
680
541
589
584
179
275
520
162
666
674
565
275
776
907
529
602
540
606
476
493
681
969
219
479
263
818
382
211
627
848
632
540
581
782
325
477
409
266
434
721
613
628
529
604
339
438
538
555
564
472
424
1131
681
582
453
409
473
558
123
186
372
541
452
795
203
349
804
526
676
910
361
480
445
109
437
676
608
623
424
368
753
400
558
532
792
694
240
262
615
487
408
703
537
510
655
424
813
342
631
786
224
431
728
731
465
353
691
736
267
259
545
625
440
635
357
77
415
512
444
268
136
397
679
751
737
336
269
599
627
580
97
326
494
597
653
528
566
516
637
562
513
446
516
596
553
576
768
553
370
676
226
283
567
603
250
423
378
402
688
641
496
390
230
784
618
358
643
485
442
587
351
431
524
400
633
873
349
166
99
469
367
541
526
179
137
559
527
414
168
594
754
555
330
508
226
711
516
146
439
592
433
444
255
613
370
68
425
696
422
847
585
567
474
486
447
439
606
312
284
275
909
606
560
288
624
476
542
304
532
415
346
646
192
612
636
324
335
455
556
469
586
852
398
156
665
836
578
282
475
276
628
229
439
299
525
426
535
504
302
625
490
302
948
595
469
783
868
470
569
302
470
460
536
566
611
547
257
312
390
443
710
267
428
690
440
592
472
551
454
633
190
427
559
606
798
421
795
368
765
663
317
561
489
625
455
438
773
480
665
454
833
364
377
804
411
820
678
469
137
496
520
733
817
363
660
653
714
599
111
468
268
459
696
561
729
568
240
64
529
457
304
159
353
461
633
537
821
292
676
509
638
412
714
559
364
497
452
597
264
494
579
506
769
654
498
543
559
580
134
439
203
755
487
461
679
584
274
485
432
151
361
463
477
203
730
479
507
580
342
591
426
320
614
798
644
684
395
180
798
910
808
432
269
286
163
478
821
471
560
775
419
907
898
473
384
639
430
268
756
743
531
247
254
521
400
431
704
646
775
301
431
651
589
806
584
869
608
712
435
502
682
822
645
483
775
64
215
636
502
621
512
614
337
614
698
744
902
548
554
195
393
461
710
377
659
499
464
549
421
414
159
450
404
396
583
631
546
699
615
440
407
562
614
779
738
391
479
634
713
687
487
249
300
554
568
280
508
626
269
720
424
751
393
294
408
480
422
456
566
465
486
158
578
482
822
312
138
623
569
298
194
807
782
64
408
832
404
401
443
275
159
710
131
549
677
209
315
742
606
376
740
741
553
319
417
557
462
687
194
201
536
401
374
146
503
489
630
513
473
735
237
607
165
332
257
656
486
497
278
440
347
576
301
765
164
338
835
412
237
543
404
332
280
1053
449
114
798
622
346
313
634
450
114
857
413
799
755
299
706
369
126
415
579
407
438
728
521
331
640
539
64
585
578
504
678
365
567
186
581
890
301
348
357
525
287
584
669
606
146
699
687
666
574
544
706
884
309
715
482
474
192
443
300
407
280
410
418
519
177
210
572
340
714
545
621
782
438
385
674
601
462
778
457
506
504
313
515
779
588
506
467
566
649
621
433
564
595
298
533
67
596
632
649
420
561
784
782
494
527
722
199
435
767
695
573
198
490
382
566
338
294
87
744
420
531
499
286
248
298
355
573
340
849
705
661
476
802
456
493
533
640
627
404
393
627
643
421
182
458
624
861
260
414
422
771
493
318
611
419
255
321
846
576
521
450
558
556
558
522
673
504
304
377
104
905
672
333
443
372
808
216
522
478
665
479
148
449
305
515
786
152
339
389
423
648
465
583
374
545
655
353
656
510
709
459
576
491
480
551
607
250
786
128
363
481
582
815
128
398
74
506
554
818
524
708
616
412
218
555
201
759
467
739
403
553
541
490
413
578
314
258
748
645
513
833
446
764
535
295
869
698
475
645
419
665
64
296
695
450
541
230
869
738
459
419
705
896
690
934
315
336
262
588
535
469
661
746
194
380
664
406
340